0 lni_504d/article1 911 669 911 0
1 lni_504d/article10 713 545 713 1
2 lni_504d/article100 635 485 635 2
3 lni_504d/article101 736 591 736 3
4 lni_504d/article102 1531 1226 1531 4
5 lni_504d/article103 696 548 696 5
6 lni_504d/article104 1379 1063 1379 6
7 lni_504d/article105 496 403 496 7
8 lni_504d/article106 598 449 598 8
9 lni_504d/article107 1578 1231 1578 9
10 lni_504d/article108 1240 992 1240 10
11 lni_504d/article109 753 557 753 11
12 lni_504d/article11 1077 847 1077 12
13 lni_504d/article110 445 372 445 13
14 lni_504d/article111 384 305 384 14
15 lni_504d/article112 497 395 497 15
16 lni_504d/article113 831 634 831 16
17 lni_504d/article114 1070 836 1070 17
18 lni_504d/article115 906 744 906 18
19 lni_504d/article116 870 701 870 19
20 lni_504d/article117 1137 896 1137 20
21 lni_504d/article118 1403 1139 1403 21
22 lni_504d/article119 1068 831 1068 22
23 lni_504d/article12 759 591 759 23
24 lni_504d/article120 643 482 643 24
25 lni_504d/article121 503 379 503 25
26 lni_504d/article122 767 601 767 26
27 lni_504d/article123 1151 922 1151 27
28 lni_504d/article124 594 471 594 28
29 lni_504d/article125 1370 953 1370 29
30 lni_504d/article126 839 642 839 30
31 lni_504d/article127 485 366 485 31
32 lni_504d/article128 956 769 956 32
33 lni_504d/article129 795 623 795 33
34 lni_504d/article13 983 777 983 34
35 lni_504d/article130 661 507 661 35
36 lni_504d/article131 434 351 434 36
37 lni_504d/article132 694 558 694 37
38 lni_504d/article133 1055 826 1055 38
39 lni_504d/article134 756 611 756 39
40 lni_504d/article135 822 654 822 40
41 lni_504d/article136 957 748 957 41
42 lni_504d/article137 403 307 403 42
43 lni_504d/article138 943 745 943 43
44 lni_504d/article139 799 629 799 44
45 lni_504d/article14 946 753 946 45
46 lni_504d/article140 749 599 749 46
47 lni_504d/article141 342 254 342 47
48 lni_504d/article142 1236 992 1236 48
49 lni_504d/article143 633 485 633 49
50 lni_504d/article144 627 460 627 50
51 lni_504d/article145 627 460 627 51
52 lni_504d/article146 1498 1149 1498 52
53 lni_504d/article147 1123 849 1123 53
54 lni_504d/article148 555 435 555 54
55 lni_504d/article149 600 464 600 55
56 lni_504d/article15 592 472 592 56
57 lni_504d/article150 611 465 611 57
58 lni_504d/article151 727 558 727 58
59 lni_504d/article152 655 468 655 59
60 lni_504d/article153 1141 922 1141 60
61 lni_504d/article154 550 427 550 61
62 lni_504d/article155 832 657 832 62
63 lni_504d/article156 641 476 641 63
64 lni_504d/article157 1190 951 1190 64
65 lni_504d/article158 533 418 533 65
66 lni_504d/article159 458 327 458 66
67 lni_504d/article16 1503 1124 1503 67
68 lni_504d/article160 459 328 459 68
69 lni_504d/article161 524 404 524 69
70 lni_504d/article162 685 548 685 70
71 lni_504d/article163 444 357 444 71
72 lni_504d/article164 825 655 825 72
73 lni_504d/article165 711 568 711 73
74 lni_504d/article166 961 699 961 74
75 lni_504d/article167 337 259 337 75
76 lni_504d/article168 575 434 575 76
77 lni_504d/article169 574 443 574 77
78 lni_504d/article17 1476 1112 1476 78
79 lni_504d/article170 798 621 798 79
80 lni_504d/article171 598 478 598 80
81 lni_504d/article172 1644 1342 1644 81
82 lni_504d/article173 1192 941 1192 82
83 lni_504d/article174 798 568 798 83
84 lni_504d/article175 929 712 929 84
85 lni_504d/article176 719 558 719 85
86 lni_504d/article177 457 379 457 86
87 lni_504d/article178 522 361 522 87
88 lni_504d/article179 721 551 721 88
89 lni_504d/article18 1711 1244 1711 89
90 lni_504d/article180 913 702 913 90
91 lni_504d/article181 1216 977 1216 91
92 lni_504d/article182 845 672 845 92
93 lni_504d/article183 815 626 815 93
94 lni_504d/article184 651 491 651 94
95 lni_504d/article185 1218 966 1218 95
96 lni_504d/article186 745 594 745 96
97 lni_504d/article187 726 582 726 97
98 lni_504d/article188 381 312 381 98
99 lni_504d/article189 784 633 784 99
100 lni_504d/article19 1616 1211 1616 100
101 lni_504d/article190 572 428 572 101
102 lni_504d/article191 593 471 593 102
103 lni_504d/article192 593 471 593 103
104 lni_504d/article193 979 774 979 104
105 lni_504d/article194 692 560 692 105
106 lni_504d/article195 871 686 871 106
107 lni_504d/article196 937 741 937 107
108 lni_504d/article197 983 805 983 108
109 lni_504d/article198 875 711 875 109
110 lni_504d/article199 930 748 930 110
111 lni_504d/article2 997 713 997 111
112 lni_504d/article20 864 689 864 112
113 lni_504d/article200 1328 1088 1328 113
114 lni_504d/article201 1328 1088 1328 114
115 lni_504d/article202 1328 1088 1328 115
116 lni_504d/article203 1328 1088 1328 116
117 lni_504d/article204 1328 1088 1328 117
118 lni_504d/article205 1328 1088 1328 118
119 lni_504d/article206 1328 1088 1328 119
120 lni_504d/article207 778 607 778 120
121 lni_504d/article208 563 461 563 121
122 lni_504d/article209 492 389 492 122
123 lni_504d/article21 961 746 961 123
124 lni_504d/article210 1000 751 1000 124
125 lni_504d/article211 493 373 493 125
126 lni_504d/article212 599 482 599 126
127 lni_504d/article213 800 626 800 127
128 lni_504d/article214 692 547 692 128
129 lni_504d/article215 387 288 387 129
130 lni_504d/article216 491 386 491 130
131 lni_504d/article217 685 537 685 131
132 lni_504d/article218 678 530 678 132
133 lni_504d/article219 1131 858 1131 133
134 lni_504d/article22 862 642 862 134
135 lni_504d/article220 696 470 696 135
136 lni_504d/article221 889 713 889 136
137 lni_504d/article222 952 781 952 137
138 lni_504d/article223 204 149 204 138
139 lni_504d/article224 994 795 994 139
140 lni_504d/article225 828 613 828 140
141 lni_504d/article226 735 564 735 141
142 lni_504d/article227 850 609 850 142
143 lni_504d/article228 750 584 750 143
144 lni_504d/article229 727 568 727 144
145 lni_504d/article23 805 635 805 145
146 lni_504d/article230 1279 979 1279 146
147 lni_504d/article231 871 638 871 147
148 lni_504d/article232 709 538 709 148
149 lni_504d/article233 994 753 994 149
150 lni_504d/article234 1133 876 1133 150
151 lni_504d/article235 340 237 340 151
152 lni_504d/article236 654 519 654 152
153 lni_504d/article237 737 546 737 153
154 lni_504d/article238 680 561 680 154
155 lni_504d/article239 683 553 683 155
156 lni_504d/article24 1155 820 1155 156
157 lni_504d/article240 544 379 544 157
158 lni_504d/article241 1275 988 1275 158
159 lni_504d/article242 1275 988 1275 159
160 lni_504d/article243 1458 1160 1458 160
161 lni_504d/article244 680 518 680 161
162 lni_504d/article245 897 702 897 162
163 lni_504d/article246 552 434 552 163
164 lni_504d/article247 727 562 727 164
165 lni_504d/article248 564 420 564 165
166 lni_504d/article249 298 213 298 166
167 lni_504d/article25 714 584 714 167
168 lni_504d/article250 671 548 671 168
169 lni_504d/article251 967 774 967 169
170 lni_504d/article252 1089 770 1089 170
171 lni_504d/article253 572 413 572 171
172 lni_504d/article254 952 732 952 172
173 lni_504d/article255 1685 1280 1685 173
174 lni_504d/article256 1056 766 1056 174
175 lni_504d/article257 725 608 725 175
176 lni_504d/article258 1777 1390 1777 176
177 lni_504d/article259 596 494 596 177
178 lni_504d/article26 740 614 740 178
179 lni_504d/article260 790 611 790 179
180 lni_504d/article261 1565 1252 1565 180
181 lni_504d/article262 569 450 569 181
182 lni_504d/article263 658 501 658 182
183 lni_504d/article264 251 170 251 183
184 lni_504d/article265 635 435 635 184
185 lni_504d/article266 811 659 811 185
186 lni_504d/article267 618 446 618 186
187 lni_504d/article268 621 490 621 187
188 lni_504d/article269 881 683 881 188
189 lni_504d/article27 702 539 702 189
190 lni_504d/article270 753 583 753 190
191 lni_504d/article271 2649 1818 2649 191
192 lni_504d/article272 742 584 742 192
193 lni_504d/article273 553 441 553 193
194 lni_504d/article274 816 661 816 194
195 lni_504d/article275 853 639 853 195
196 lni_504d/article276 786 611 786 196
197 lni_504d/article277 773 631 773 197
198 lni_504d/article278 324 257 324 198
199 lni_504d/article279 849 649 849 199
200 lni_504d/article28 739 529 739 200
201 lni_504d/article280 932 714 932 201
202 lni_504d/article281 658 498 658 202
203 lni_504d/article282 787 636 787 203
204 lni_504d/article283 431 337 431 204
205 lni_504d/article284 770 588 770 205
206 lni_504d/article285 1145 845 1145 206
207 lni_504d/article286 1007 751 1007 207
208 lni_504d/article287 651 453 651 208
209 lni_504d/article288 606 494 606 209
210 lni_504d/article289 791 611 791 210
211 lni_504d/article29 869 640 869 211
212 lni_504d/article290 676 451 676 212
213 lni_504d/article291 189 139 189 213
214 lni_504d/article292 844 638 844 214
215 lni_504d/article293 686 532 686 215
216 lni_504d/article294 676 506 676 216
217 lni_504d/article295 728 558 728 217
218 lni_504d/article296 935 749 935 218
219 lni_504d/article297 882 707 882 219
220 lni_504d/article298 820 668 820 220
221 lni_504d/article299 831 637 831 221
222 lni_504d/article3 606 470 606 222
223 lni_504d/article30 1468 1144 1468 223
224 lni_504d/article300 732 562 732 224
225 lni_504d/article301 1332 1015 1332 225
226 lni_504d/article302 1409 1066 1409 226
227 lni_504d/article303 747 604 747 227
228 lni_504d/article304 767 590 767 228
229 lni_504d/article305 407 321 407 229
230 lni_504d/article306 385 297 385 230
231 lni_504d/article307 862 682 862 231
232 lni_504d/article308 1980 1540 1980 232
233 lni_504d/article309 797 640 797 233
234 lni_504d/article31 721 581 721 234
235 lni_504d/article310 718 566 718 235
236 lni_504d/article311 478 388 478 236
237 lni_504d/article312 1031 805 1031 237
238 lni_504d/article313 519 406 519 238
239 lni_504d/article314 740 587 740 239
240 lni_504d/article315 901 442 901 240
241 lni_504d/article316 541 448 541 241
242 lni_504d/article317 621 468 621 242
243 lni_504d/article318 1071 817 1071 243
244 lni_504d/article319 454 323 454 244
245 lni_504d/article32 921 733 921 245
246 lni_504d/article320 420 330 420 246
247 lni_504d/article321 522 428 522 247
248 lni_504d/article322 770 590 770 248
249 lni_504d/article323 1224 1022 1224 249
250 lni_504d/article324 389 299 389 250
251 lni_504d/article325 903 711 903 251
252 lni_504d/article326 2068 1648 2068 252
253 lni_504d/article327 383 285 383 253
254 lni_504d/article328 530 411 530 254
255 lni_504d/article329 533 415 533 255
256 lni_504d/article33 822 555 822 256
257 lni_504d/article330 3725 2746 3725 257
258 lni_504d/article331 500 388 500 258
259 lni_504d/article332 969 770 969 259
260 lni_504d/article333 580 472 580 260
261 lni_504d/article334 199 117 199 261
262 lni_504d/article335 696 520 696 262
263 lni_504d/article336 333 253 333 263
264 lni_504d/article337 616 473 616 264
265 lni_504d/article338 1132 906 1132 265
266 lni_504d/article339 744 563 744 266
267 lni_504d/article34 802 627 802 267
268 lni_504d/article340 1378 1092 1378 268
269 lni_504d/article341 361 292 361 269
270 lni_504d/article342 828 649 828 270
271 lni_504d/article343 900 706 900 271
272 lni_504d/article344 1499 1142 1499 272
273 lni_504d/article345 838 668 838 273
274 lni_504d/article346 759 574 759 274
275 lni_504d/article347 1201 958 1201 275
276 lni_504d/article348 810 572 810 276
277 lni_504d/article349 1029 778 1029 277
278 lni_504d/article35 321 218 321 278
279 lni_504d/article350 918 675 918 279
280 lni_504d/article351 637 491 637 280
281 lni_504d/article352 184 141 184 281
282 lni_504d/article353 925 749 925 282
283 lni_504d/article354 387 296 387 283
284 lni_504d/article355 97 65 97 284
285 lni_504d/article356 138 89 138 285
286 lni_504d/article357 616 465 616 286
287 lni_504d/article358 760 589 760 287
288 lni_504d/article359 877 669 877 288
289 lni_504d/article36 1021 805 1021 289
290 lni_504d/article360 590 477 590 290
291 lni_504d/article361 283 225 283 291
292 lni_504d/article362 740 504 740 292
293 lni_504d/article363 1189 948 1189 293
294 lni_504d/article364 696 497 696 294
295 lni_504d/article365 1128 749 1128 295
296 lni_504d/article366 401 324 401 296
297 lni_504d/article367 633 475 633 297
298 lni_504d/article368 645 501 645 298
299 lni_504d/article369 491 342 491 299
300 lni_504d/article37 695 454 695 300
301 lni_504d/article370 490 391 490 301
302 lni_504d/article371 1012 808 1012 302
303 lni_504d/article372 1092 845 1092 303
304 lni_504d/article373 2150 1623 2150 304
305 lni_504d/article374 1104 783 1104 305
306 lni_504d/article375 1069 837 1069 306
307 lni_504d/article376 729 584 729 307
308 lni_504d/article377 1239 909 1239 308
309 lni_504d/article378 929 686 929 309
310 lni_504d/article379 1080 788 1080 310
311 lni_504d/article38 765 574 765 311
312 lni_504d/article380 632 436 632 312
313 lni_504d/article381 774 549 774 313
314 lni_504d/article382 864 598 864 314
315 lni_504d/article383 450 355 450 315
316 lni_504d/article384 850 660 850 316
317 lni_504d/article385 820 648 820 317
318 lni_504d/article386 1085 849 1085 318
319 lni_504d/article387 837 623 837 319
320 lni_504d/article388 837 623 837 320
321 lni_504d/article389 1177 856 1177 321
322 lni_504d/article39 1005 781 1005 322
323 lni_504d/article390 840 645 840 323
324 lni_504d/article391 746 554 746 324
325 lni_504d/article392 728 511 728 325
326 lni_504d/article393 413 289 413 326
327 lni_504d/article394 1483 1169 1483 327
328 lni_504d/article395 709 514 709 328
329 lni_504d/article396 686 541 686 329
330 lni_504d/article397 678 556 678 330
331 lni_504d/article398 991 747 991 331
332 lni_504d/article399 527 425 527 332
333 lni_504d/article4 554 427 554 333
334 lni_504d/article40 758 615 758 334
335 lni_504d/article400 1017 754 1017 335
336 lni_504d/article401 1010 732 1010 336
337 lni_504d/article402 1005 752 1005 337
338 lni_504d/article403 2296 1730 2296 338
339 lni_504d/article404 301 243 301 339
340 lni_504d/article405 571 436 571 340
341 lni_504d/article406 758 595 758 341
342 lni_504d/article407 652 497 652 342
343 lni_504d/article408 915 736 915 343
344 lni_504d/article409 352 241 352 344
345 lni_504d/article41 839 611 839 345
346 lni_504d/article410 313 212 313 346
347 lni_504d/article411 229 174 229 347
348 lni_504d/article412 731 528 731 348
349 lni_504d/article413 1818 1353 1818 349
350 lni_504d/article414 595 453 595 350
351 lni_504d/article415 138 104 138 351
352 lni_504d/article416 191 149 191 352
353 lni_504d/article417 423 302 423 353
354 lni_504d/article418 720 531 720 354
355 lni_504d/article419 362 258 362 355
356 lni_504d/article42 1084 834 1084 356
357 lni_504d/article420 350 275 350 357
358 lni_504d/article421 1485 1029 1485 358
359 lni_504d/article422 763 577 763 359
360 lni_504d/article423 303 233 303 360
361 lni_504d/article424 1821 1311 1821 361
362 lni_504d/article425 416 324 416 362
363 lni_504d/article426 1759 1397 1759 363
364 lni_504d/article427 757 543 757 364
365 lni_504d/article428 1521 1182 1521 365
366 lni_504d/article429 821 636 821 366
367 lni_504d/article43 1124 887 1124 367
368 lni_504d/article430 776 608 776 368
369 lni_504d/article431 808 617 808 369
370 lni_504d/article432 736 571 736 370
371 lni_504d/article433 278 186 278 371
372 lni_504d/article434 392 274 392 372
373 lni_504d/article435 1757 1341 1757 373
374 lni_504d/article436 286 189 286 374
375 lni_504d/article437 638 465 638 375
376 lni_504d/article438 1042 824 1042 376
377 lni_504d/article439 455 368 455 377
378 lni_504d/article44 1363 991 1363 378
379 lni_504d/article440 592 436 592 379
380 lni_504d/article441 647 506 647 380
381 lni_504d/article442 738 629 738 381
382 lni_504d/article443 605 438 605 382
383 lni_504d/article444 1016 835 1016 383
384 lni_504d/article445 930 690 930 384
385 lni_504d/article446 534 400 534 385
386 lni_504d/article447 1106 841 1106 386
387 lni_504d/article448 664 536 664 387
388 lni_504d/article449 417 285 417 388
389 lni_504d/article45 688 515 688 389
390 lni_504d/article450 658 489 658 390
391 lni_504d/article451 557 452 557 391
392 lni_504d/article452 351 265 351 392
393 lni_504d/article453 393 333 393 393
394 lni_504d/article454 445 378 445 394
395 lni_504d/article455 945 691 945 395
396 lni_504d/article456 879 687 879 396
397 lni_504d/article457 615 442 615 397
398 lni_504d/article458 362 232 362 398
399 lni_504d/article459 851 646 851 399
400 lni_504d/article46 511 397 511 400
401 lni_504d/article460 739 548 739 401
402 lni_504d/article461 836 652 836 402
403 lni_504d/article462 903 706 903 403
404 lni_504d/article463 840 668 840 404
405 lni_504d/article464 778 629 778 405
406 lni_504d/article465 787 637 787 406
407 lni_504d/article466 1636 1281 1636 407
408 lni_504d/article467 341 252 341 408
409 lni_504d/article468 1147 938 1147 409
410 lni_504d/article469 610 479 610 410
411 lni_504d/article47 548 444 548 411
412 lni_504d/article470 872 673 872 412
413 lni_504d/article471 664 510 664 413
414 lni_504d/article472 1727 1241 1727 414
415 lni_504d/article473 1265 936 1265 415
416 lni_504d/article474 964 669 964 416
417 lni_504d/article475 1098 852 1098 417
418 lni_504d/article476 697 500 697 418
419 lni_504d/article477 598 488 598 419
420 lni_504d/article478 1056 842 1056 420
421 lni_504d/article479 703 591 703 421
422 lni_504d/article48 767 636 767 422
423 lni_504d/article480 822 649 822 423
424 lni_504d/article481 1100 799 1100 424
425 lni_504d/article482 920 751 920 425
426 lni_504d/article483 553 438 553 426
427 lni_504d/article484 715 542 715 427
428 lni_504d/article485 1594 1271 1594 428
429 lni_504d/article486 1009 733 1009 429
430 lni_504d/article487 3365 2528 3365 430
431 lni_504d/article488 576 430 576 431
432 lni_504d/article489 689 541 689 432
433 lni_504d/article49 1195 957 1195 433
434 lni_504d/article490 206 152 206 434
435 lni_504d/article491 873 616 873 435
436 lni_504d/article492 1281 1002 1281 436
437 lni_504d/article493 1090 758 1090 437
438 lni_504d/article494 1614 1229 1614 438
439 lni_504d/article495 701 561 701 439
440 lni_504d/article496 275 199 275 440
441 lni_504d/article497 392 312 392 441
442 lni_504d/article498 866 699 866 442
443 lni_504d/article499 1697 1327 1697 443
444 lni_504d/article5 583 459 583 444
445 lni_504d/article50 704 537 704 445
446 lni_504d/article500 642 521 642 446
447 lni_504d/article501 489 361 489 447
448 lni_504d/article502 415 329 415 448
449 lni_504d/article503 909 699 909 449
450 lni_504d/article504 819 626 819 450
451 lni_504d/article51 369 296 369 451
452 lni_504d/article52 1159 911 1159 452
453 lni_504d/article53 762 596 762 453
454 lni_504d/article54 1186 938 1186 454
455 lni_504d/article55 1128 897 1128 455
456 lni_504d/article56 934 729 934 456
457 lni_504d/article57 770 552 770 457
458 lni_504d/article58 1517 1163 1517 458
459 lni_504d/article59 1096 885 1096 459
460 lni_504d/article6 546 421 546 460
461 lni_504d/article60 1066 850 1066 461
462 lni_504d/article61 911 737 911 462
463 lni_504d/article62 1159 902 1159 463
464 lni_504d/article63 552 429 552 464
465 lni_504d/article64 1063 812 1063 465
466 lni_504d/article65 751 600 751 466
467 lni_504d/article66 545 441 545 467
468 lni_504d/article67 605 467 605 468
469 lni_504d/article68 803 613 803 469
470 lni_504d/article69 753 604 753 470
471 lni_504d/article7 655 523 655 471
472 lni_504d/article70 1242 961 1242 472
473 lni_504d/article71 594 466 594 473
474 lni_504d/article72 904 728 904 474
475 lni_504d/article73 419 306 419 475
476 lni_504d/article74 1704 1346 1704 476
477 lni_504d/article75 481 409 481 477
478 lni_504d/article76 927 686 927 478
479 lni_504d/article77 954 777 954 479
480 lni_504d/article78 492 379 492 480
481 lni_504d/article79 832 626 832 481
482 lni_504d/article8 673 556 673 482
483 lni_504d/article80 880 724 880 483
484 lni_504d/article81 533 429 533 484
485 lni_504d/article82 896 680 896 485
486 lni_504d/article83 644 549 644 486
487 lni_504d/article84 869 591 869 487
488 lni_504d/article85 374 283 374 488
489 lni_504d/article86 469 373 469 489
490 lni_504d/article87 592 446 592 490
491 lni_504d/article88 524 406 524 491
492 lni_504d/article89 637 523 637 492
493 lni_504d/article9 610 498 610 493
494 lni_504d/article90 632 501 632 494
495 lni_504d/article91 742 598 742 495
496 lni_504d/article92 652 513 652 496
497 lni_504d/article93 515 434 515 497
498 lni_504d/article94 667 530 667 498
499 lni_504d/article95 646 506 646 499
500 lni_504d/article96 1007 814 1007 500
501 lni_504d/article97 179 143 179 501
502 lni_504d/article98 199 143 199 502
503 lni_504d/article99 650 501 650 503
