lni_504d/article1 0 446 911
lni_504d/article10 1 386 713
lni_504d/article100 2 351 635
lni_504d/article101 3 340 736
lni_504d/article102 4 575 1531
lni_504d/article103 5 332 696
lni_504d/article104 6 533 1379
lni_504d/article105 7 244 496
lni_504d/article106 8 293 598
lni_504d/article107 9 656 1578
lni_504d/article108 10 533 1240
lni_504d/article109 11 386 753
lni_504d/article11 12 464 1077
lni_504d/article110 13 240 445
lni_504d/article111 14 211 384
lni_504d/article112 15 257 497
lni_504d/article113 16 390 831
lni_504d/article114 17 436 1070
lni_504d/article115 18 408 906
lni_504d/article116 19 409 870
lni_504d/article117 20 461 1137
lni_504d/article118 21 521 1403
lni_504d/article119 22 469 1068
lni_504d/article12 23 367 759
lni_504d/article120 24 313 643
lni_504d/article121 25 232 503
lni_504d/article122 26 372 767
lni_504d/article123 27 535 1151
lni_504d/article124 28 311 594
lni_504d/article125 29 475 1370
lni_504d/article126 30 417 839
lni_504d/article127 31 285 485
lni_504d/article128 32 441 956
lni_504d/article129 33 395 795
lni_504d/article13 34 434 983
lni_504d/article130 35 366 661
lni_504d/article131 36 249 434
lni_504d/article132 37 345 694
lni_504d/article133 38 487 1055
lni_504d/article134 39 385 756
lni_504d/article135 40 405 822
lni_504d/article136 41 452 957
lni_504d/article137 42 217 403
lni_504d/article138 43 426 943
lni_504d/article139 44 372 799
lni_504d/article14 45 438 946
lni_504d/article140 46 324 749
lni_504d/article141 47 199 342
lni_504d/article142 48 545 1236
lni_504d/article143 49 352 633
lni_504d/article144 50 318 627
lni_504d/article145 51 320 627
lni_504d/article146 52 648 1498
lni_504d/article147 53 449 1123
lni_504d/article148 54 295 555
lni_504d/article149 55 277 600
lni_504d/article15 56 303 592
lni_504d/article150 57 310 611
lni_504d/article151 58 405 727
lni_504d/article152 59 353 655
lni_504d/article153 60 312 1141
lni_504d/article154 61 272 550
lni_504d/article155 62 350 832
lni_504d/article156 63 343 641
lni_504d/article157 64 516 1190
lni_504d/article158 65 303 533
lni_504d/article159 66 250 458
lni_504d/article16 67 584 1503
lni_504d/article160 68 249 459
lni_504d/article161 69 282 524
lni_504d/article162 70 358 685
lni_504d/article163 71 237 444
lni_504d/article164 72 372 825
lni_504d/article165 73 335 711
lni_504d/article166 74 394 961
lni_504d/article167 75 185 337
lni_504d/article168 76 290 575
lni_504d/article169 77 280 574
lni_504d/article17 78 547 1476
lni_504d/article170 79 378 798
lni_504d/article171 80 298 598
lni_504d/article172 81 543 1644
lni_504d/article173 82 475 1192
lni_504d/article174 83 450 798
lni_504d/article175 84 441 929
lni_504d/article176 85 361 719
lni_504d/article177 86 233 457
lni_504d/article178 87 281 522
lni_504d/article179 88 390 721
lni_504d/article18 89 629 1711
lni_504d/article180 90 438 913
lni_504d/article181 91 571 1216
lni_504d/article182 92 415 845
lni_504d/article183 93 393 815
lni_504d/article184 94 330 651
lni_504d/article185 95 537 1218
lni_504d/article186 96 377 745
lni_504d/article187 97 361 726
lni_504d/article188 98 234 381
lni_504d/article189 99 396 784
lni_504d/article19 100 601 1616
lni_504d/article190 101 302 572
lni_504d/article191 102 354 593
lni_504d/article192 103 354 593
lni_504d/article193 104 493 979
lni_504d/article194 105 383 692
lni_504d/article195 106 448 871
lni_504d/article196 107 396 937
lni_504d/article197 108 456 983
lni_504d/article198 109 373 875
lni_504d/article199 110 395 930
lni_504d/article2 111 427 997
lni_504d/article20 112 380 864
lni_504d/article200 113 544 1328
lni_504d/article201 114 545 1328
lni_504d/article202 115 545 1328
lni_504d/article203 116 545 1328
lni_504d/article204 117 545 1328
lni_504d/article205 118 545 1328
lni_504d/article206 119 545 1328
lni_504d/article207 120 373 778
lni_504d/article208 121 287 563
lni_504d/article209 122 256 492
lni_504d/article21 123 465 961
lni_504d/article210 124 454 1000
lni_504d/article211 125 255 493
lni_504d/article212 126 290 599
lni_504d/article213 127 378 800
lni_504d/article214 128 354 692
lni_504d/article215 129 193 387
lni_504d/article216 130 295 491
lni_504d/article217 131 393 685
lni_504d/article218 132 380 678
lni_504d/article219 133 508 1131
lni_504d/article22 134 389 862
lni_504d/article220 135 368 696
lni_504d/article221 136 378 889
lni_504d/article222 137 454 952
lni_504d/article223 138 134 204
lni_504d/article224 139 472 994
lni_504d/article225 140 439 828
lni_504d/article226 141 350 735
lni_504d/article227 142 448 850
lni_504d/article228 143 296 750
lni_504d/article229 144 355 727
lni_504d/article23 145 392 805
lni_504d/article230 146 560 1279
lni_504d/article231 147 456 871
lni_504d/article232 148 377 709
lni_504d/article233 149 465 994
lni_504d/article234 150 469 1133
lni_504d/article235 151 200 340
lni_504d/article236 152 306 654
lni_504d/article237 153 385 737
lni_504d/article238 154 323 680
lni_504d/article239 155 343 683
lni_504d/article24 156 526 1155
lni_504d/article240 157 319 544
lni_504d/article241 158 542 1275
lni_504d/article242 159 544 1275
lni_504d/article243 160 591 1458
lni_504d/article244 161 348 680
lni_504d/article245 162 384 897
lni_504d/article246 163 297 552
lni_504d/article247 164 348 727
lni_504d/article248 165 307 564
lni_504d/article249 166 188 298
lni_504d/article25 167 350 714
lni_504d/article250 168 299 671
lni_504d/article251 169 416 967
lni_504d/article252 170 534 1089
lni_504d/article253 171 284 572
lni_504d/article254 172 403 952
lni_504d/article255 173 700 1685
lni_504d/article256 174 464 1056
lni_504d/article257 175 339 725
lni_504d/article258 176 657 1777
lni_504d/article259 177 259 596
lni_504d/article26 178 382 740
lni_504d/article260 179 394 790
lni_504d/article261 180 607 1565
lni_504d/article262 181 307 569
lni_504d/article263 182 344 658
lni_504d/article264 183 159 251
lni_504d/article265 184 332 635
lni_504d/article266 185 383 811
lni_504d/article267 186 318 618
lni_504d/article268 187 324 621
lni_504d/article269 188 428 881
lni_504d/article27 189 350 702
lni_504d/article270 190 388 753
lni_504d/article271 191 1025 2649
lni_504d/article272 192 376 742
lni_504d/article273 193 304 553
lni_504d/article274 194 367 816
lni_504d/article275 195 454 853
lni_504d/article276 196 340 786
lni_504d/article277 197 377 773
lni_504d/article278 198 204 324
lni_504d/article279 199 418 849
lni_504d/article28 200 386 739
lni_504d/article280 201 450 932
lni_504d/article281 202 331 658
lni_504d/article282 203 362 787
lni_504d/article283 204 244 431
lni_504d/article284 205 398 770
lni_504d/article285 206 531 1145
lni_504d/article286 207 393 1007
lni_504d/article287 208 331 651
lni_504d/article288 209 331 606
lni_504d/article289 210 377 791
lni_504d/article29 211 405 869
lni_504d/article290 212 390 676
lni_504d/article291 213 125 189
lni_504d/article292 214 388 844
lni_504d/article293 215 354 686
lni_504d/article294 216 358 676
lni_504d/article295 217 355 728
lni_504d/article296 218 406 935
lni_504d/article297 219 385 882
lni_504d/article298 220 365 820
lni_504d/article299 221 400 831
lni_504d/article3 222 327 606
lni_504d/article30 223 538 1468
lni_504d/article300 224 380 732
lni_504d/article301 225 554 1332
lni_504d/article302 226 577 1409
lni_504d/article303 227 346 747
lni_504d/article304 228 410 767
lni_504d/article305 229 237 407
lni_504d/article306 230 205 385
lni_504d/article307 231 392 862
lni_504d/article308 232 695 1980
lni_504d/article309 233 373 797
lni_504d/article31 234 329 721
lni_504d/article310 235 379 718
lni_504d/article311 236 229 478
lni_504d/article312 237 454 1031
lni_504d/article313 238 276 519
lni_504d/article314 239 365 740
lni_504d/article315 240 489 901
lni_504d/article316 241 252 541
lni_504d/article317 242 332 621
lni_504d/article318 243 499 1071
lni_504d/article319 244 237 454
lni_504d/article32 245 431 921
lni_504d/article320 246 229 420
lni_504d/article321 247 261 522
lni_504d/article322 248 379 770
lni_504d/article323 249 516 1224
lni_504d/article324 250 197 389
lni_504d/article325 251 423 903
lni_504d/article326 252 760 2068
lni_504d/article327 253 237 383
lni_504d/article328 254 289 530
lni_504d/article329 255 291 533
lni_504d/article33 256 421 822
lni_504d/article330 257 1142 3725
lni_504d/article331 258 271 500
lni_504d/article332 259 455 969
lni_504d/article333 260 290 580
lni_504d/article334 261 112 199
lni_504d/article335 262 352 696
lni_504d/article336 263 218 333
lni_504d/article337 264 310 616
lni_504d/article338 265 524 1132
lni_504d/article339 266 397 744
lni_504d/article34 267 360 802
lni_504d/article340 268 584 1378
lni_504d/article341 269 213 361
lni_504d/article342 270 379 828
lni_504d/article343 271 418 900
lni_504d/article344 272 644 1499
lni_504d/article345 273 381 838
lni_504d/article346 274 379 759
lni_504d/article347 275 495 1201
lni_504d/article348 276 447 810
lni_504d/article349 277 524 1029
lni_504d/article35 278 193 321
lni_504d/article350 279 401 918
lni_504d/article351 280 284 637
lni_504d/article352 281 127 184
lni_504d/article353 282 381 925
lni_504d/article354 283 202 387
lni_504d/article355 284 80 97
lni_504d/article356 285 105 138
lni_504d/article357 286 322 616
lni_504d/article358 287 369 760
lni_504d/article359 288 444 877
lni_504d/article36 289 466 1021
lni_504d/article360 290 303 590
lni_504d/article361 291 175 283
lni_504d/article362 292 417 740
lni_504d/article363 293 551 1189
lni_504d/article364 294 343 696
lni_504d/article365 295 590 1128
lni_504d/article366 296 227 401
lni_504d/article367 297 348 633
lni_504d/article368 298 303 645
lni_504d/article369 299 282 491
lni_504d/article37 300 297 695
lni_504d/article370 301 277 490
lni_504d/article371 302 468 1012
lni_504d/article372 303 514 1092
lni_504d/article373 304 864 2150
lni_504d/article374 305 534 1104
lni_504d/article375 306 488 1069
lni_504d/article376 307 360 729
lni_504d/article377 308 581 1239
lni_504d/article378 309 471 929
lni_504d/article379 310 556 1080
lni_504d/article38 311 399 765
lni_504d/article380 312 383 632
lni_504d/article381 313 419 774
lni_504d/article382 314 385 864
lni_504d/article383 315 250 450
lni_504d/article384 316 417 850
lni_504d/article385 317 425 820
lni_504d/article386 318 523 1085
lni_504d/article387 319 418 837
lni_504d/article388 320 418 837
lni_504d/article389 321 563 1177
lni_504d/article39 322 475 1005
lni_504d/article390 323 420 840
lni_504d/article391 324 398 746
lni_504d/article392 325 410 728
lni_504d/article393 326 246 413
lni_504d/article394 327 639 1483
lni_504d/article395 328 385 709
lni_504d/article396 329 357 686
lni_504d/article397 330 335 678
lni_504d/article398 331 446 991
lni_504d/article399 332 277 527
lni_504d/article4 333 302 554
lni_504d/article40 334 342 758
lni_504d/article400 335 512 1017
lni_504d/article401 336 490 1010
lni_504d/article402 337 512 1005
lni_504d/article403 338 904 2296
lni_504d/article404 339 159 301
lni_504d/article405 340 330 571
lni_504d/article406 341 361 758
lni_504d/article407 342 358 652
lni_504d/article408 343 435 915
lni_504d/article409 344 211 352
lni_504d/article41 345 414 839
lni_504d/article410 346 192 313
lni_504d/article411 347 150 229
lni_504d/article412 348 404 731
lni_504d/article413 349 787 1818
lni_504d/article414 350 328 595
lni_504d/article415 351 97 138
lni_504d/article416 352 134 191
lni_504d/article417 353 275 423
lni_504d/article418 354 405 720
lni_504d/article419 355 236 362
lni_504d/article42 356 513 1084
lni_504d/article420 357 201 350
lni_504d/article421 358 768 1485
lni_504d/article422 359 401 763
lni_504d/article423 360 175 303
lni_504d/article424 361 745 1821
lni_504d/article425 362 246 416
lni_504d/article426 363 663 1759
lni_504d/article427 364 344 757
lni_504d/article428 365 589 1521
lni_504d/article429 366 316 821
lni_504d/article43 367 432 1124
lni_504d/article430 368 319 776
lni_504d/article431 369 333 808
lni_504d/article432 370 307 736
lni_504d/article433 371 194 278
lni_504d/article434 372 215 392
lni_504d/article435 373 625 1757
lni_504d/article436 374 177 286
lni_504d/article437 375 350 638
lni_504d/article438 376 453 1042
lni_504d/article439 377 258 455
lni_504d/article44 378 521 1363
lni_504d/article440 379 306 592
lni_504d/article441 380 300 647
lni_504d/article442 381 339 738
lni_504d/article443 382 318 605
lni_504d/article444 383 405 1016
lni_504d/article445 384 385 930
lni_504d/article446 385 271 534
lni_504d/article447 386 503 1106
lni_504d/article448 387 343 664
lni_504d/article449 388 241 417
lni_504d/article45 389 352 688
lni_504d/article450 390 356 658
lni_504d/article451 391 299 557
lni_504d/article452 392 200 351
lni_504d/article453 393 203 393
lni_504d/article454 394 226 445
lni_504d/article455 395 428 945
lni_504d/article456 396 387 879
lni_504d/article457 397 348 615
lni_504d/article458 398 214 362
lni_504d/article459 399 376 851
lni_504d/article46 400 259 511
lni_504d/article460 401 390 739
lni_504d/article461 402 386 836
lni_504d/article462 403 413 903
lni_504d/article463 404 380 840
lni_504d/article464 405 355 778
lni_504d/article465 406 359 787
lni_504d/article466 407 694 1636
lni_504d/article467 408 187 341
lni_504d/article468 409 513 1147
lni_504d/article469 410 306 610
lni_504d/article47 411 257 548
lni_504d/article470 412 406 872
lni_504d/article471 413 296 664
lni_504d/article472 414 695 1727
lni_504d/article473 415 576 1265
lni_504d/article474 416 478 964
lni_504d/article475 417 528 1098
lni_504d/article476 418 360 697
lni_504d/article477 419 296 598
lni_504d/article478 420 473 1056
lni_504d/article479 421 333 703
lni_504d/article48 422 345 767
lni_504d/article480 423 392 822
lni_504d/article481 424 531 1100
lni_504d/article482 425 429 920
lni_504d/article483 426 301 553
lni_504d/article484 427 335 715
lni_504d/article485 428 635 1594
lni_504d/article486 429 489 1009
lni_504d/article487 430 1061 3365
lni_504d/article488 431 274 576
lni_504d/article489 432 324 689
lni_504d/article49 433 489 1195
lni_504d/article490 434 134 206
lni_504d/article491 435 426 873
lni_504d/article492 436 502 1281
lni_504d/article493 437 478 1090
lni_504d/article494 438 652 1614
lni_504d/article495 439 335 701
lni_504d/article496 440 164 275
lni_504d/article497 441 218 392
lni_504d/article498 442 381 866
lni_504d/article499 443 637 1697
lni_504d/article5 444 289 583
lni_504d/article50 445 380 704
lni_504d/article500 446 304 642
lni_504d/article501 447 261 489
lni_504d/article502 448 215 415
lni_504d/article503 449 398 909
lni_504d/article504 450 342 819
lni_504d/article51 451 220 369
lni_504d/article52 452 440 1159
lni_504d/article53 453 392 762
lni_504d/article54 454 493 1186
lni_504d/article55 455 503 1128
lni_504d/article56 456 390 934
lni_504d/article57 457 377 770
lni_504d/article58 458 649 1517
lni_504d/article59 459 472 1096
lni_504d/article6 460 298 546
lni_504d/article60 461 408 1066
lni_504d/article61 462 466 911
lni_504d/article62 463 511 1159
lni_504d/article63 464 308 552
lni_504d/article64 465 507 1063
lni_504d/article65 466 347 751
lni_504d/article66 467 272 545
lni_504d/article67 468 319 605
lni_504d/article68 469 373 803
lni_504d/article69 470 343 753
lni_504d/article7 471 330 655
lni_504d/article70 472 577 1242
lni_504d/article71 473 326 594
lni_504d/article72 474 408 904
lni_504d/article73 475 240 419
lni_504d/article74 476 651 1704
lni_504d/article75 477 236 481
lni_504d/article76 478 440 927
lni_504d/article77 479 399 954
lni_504d/article78 480 246 492
lni_504d/article79 481 407 832
lni_504d/article8 482 313 673
lni_504d/article80 483 422 880
lni_504d/article81 484 295 533
lni_504d/article82 485 429 896
lni_504d/article83 486 327 644
lni_504d/article84 487 446 869
lni_504d/article85 488 218 374
lni_504d/article86 489 275 469
lni_504d/article87 490 314 592
lni_504d/article88 491 291 524
lni_504d/article89 492 338 637
lni_504d/article9 493 324 610
lni_504d/article90 494 321 632
lni_504d/article91 495 322 742
lni_504d/article92 496 332 652
lni_504d/article93 497 270 515
lni_504d/article94 498 362 667
lni_504d/article95 499 323 646
lni_504d/article96 500 473 1007
lni_504d/article97 501 115 179
lni_504d/article98 502 123 199
lni_504d/article99 503 342 650
